360.0045509084372
164.34424909788163
164.34424909788163
164.34424909788163
164.34424909788163
163.9916377240633
375.6381395611755
352.76941830006126
347.09178403826195
354.76434187489116
381.81950988211224
397.02439682436705
164.34424909788163
164.34424909788163
164.34424909788163
164.34424909788163
246.98807230644428
362.1203175795341
346.65162153234246
356.27591763506837
164.34424909788163
164.34424909788163
164.34424909788163
164.34424909788163
378.35173518876513
347.7280956506019
348.47259553491284
350.0463659198729
363.37340698206236
397.02439682436705
msel[0], test_MSE_3_0 against 3 Ref Val during JOPS is 121583.90527825305
msel[0], MSE of Test Dataset against 3 Ref Val during JOPS is 4052.796842608435 396.9516029893876
89.84468883098077
89.84468883098077
169.36493449107837
231.37356910904063
218.7620949824887
348.6365069306443
396.9516029893876
396.9516029893876
396.9516029893876
396.9516029893876
396.9516029893876
89.84468883098077
172.23632849445627
174.24162120762557
154.84895182615088
344.5978358965419
365.6079982078028
396.9516029893876
396.9516029893876
89.84468883098077
170.3256048672152
176.40589420096126
157.50290707455184
348.66303477365494
396.9516029893876
396.9516029893876
396.9516029893876
396.9516029893876
396.9516029893876
msel[1], MSE of Test Dataset against 4 Ref Val during JOPS is 2209.8796872094017 417.5795460483911
179.39729558250727
179.39729558250727
179.39729558250727
161.60525710065141
342.56668164807206
363.8754640661984
384.49161534801476
399.2306558152642
412.484771132917
431.5961508999485
452.7290721354563
179.39729558250727
170.8819504506563
159.91996337560576
152.81430349363347
350.10226433960304
375.7618706300706
395.8409962137819
413.85650855425973
179.39729558250727
179.39729558250727
166.3899136145262
155.32819923649723
360.5622759647459
388.60129720004574
402.63685886103093
405.1832680137845
420.4487542480442
445.0300062321808
msel[2], MSE of Test Dataset against 3 Ref Val during JOPS is 3694.0667552942114 416.9837525084316
98.5442579362157
98.5442579362157
98.5442579362157
222.26846554736738
236.73823096670384
368.39597941442355
383.9970459784674
407.8159325406027
416.9837525084316
416.9837525084316
416.9837525084316
98.5442579362157
98.5442579362157
224.39272884800923
230.38685350465738
240.5227567844201
376.4408469423341
400.78278591476476
416.9837525084316
98.5442579362157
98.5442579362157
89.35130795743267
227.90082653989455
246.14418286665972
391.05347572989984
414.3090126408669
412.1188360285707
416.9837525084316
416.9837525084316
msel[3], MSE of Test Dataset against 3 Ref Val during JOPS is 2011.642045303259 399.1504501805491
158.2226924327119
160.08360665612196
157.52517206408015
154.18865629109337
221.20227551051445
345.7797442141075
358.9427111075084
382.4790151576884
398.9046218546794
448.7766214337687
448.7766214337687
161.59343291243414
155.7712433659448
153.81811074122277
221.15999659247416
345.9831719270321
352.1021393044307
376.7934937858141
379.03895838187566
159.19119335098944
156.50004286864902
155.20451552997736
219.62784293474306
349.2622227838209
369.1408159014519
385.77853921851596
383.249616678013
423.5866283532227
448.7766214337687
msel[4], MSE of Test Dataset against 4 Ref Val during JOPS is 2368.4063260515163 392.94660367829835
95.49960619310855
94.05587192224232
96.62447117124856
157.56411704578431
218.95876058275053
347.88397098666405
365.36329228566154
390.16310490357347
398.0874980854721
392.5733092806446
392.5733092806446
93.86769487710396
98.62005637108027
157.81356106170045
216.50837973833745
346.8754110082764
356.726822747214
385.0158049431364
392.66350782610687
96.27250115117135
97.06198073009321
159.15715262122166
155.2287713657639
352.3654361019288
377.48550772073946
392.44624252373757
388.98377327849505
391.4826211496197
392.5733092806446
MSE of Test Dataset after JOPS against 3 Ref Val is 2400.4035436264257